                LOC     6               ;BEGIN AT LOCATION 6
000006  000012  Data    10              ;PUT 10 AT LOCATION 6
000007  000003  Data    3               ;PUT 3 AT LOCATION 7
000010  002000  Data    End             ;PUT 1024 AT LOCATION 8
000011  000000  Data    0
000012  000014  Data    12
000013  000011  Data    9
000014  000022  Data    18
000015  000014  Data    12
                               
000016  002237  LDR   	0, 2, 0, 31    
000017  004431  STR  	1, 0, 25    
000020  007124  LDA   	2, 1, 0, 20    
000021  102207  LDX   	2, 7           
000022  104136  STX   	1, 30          
          
000023  020100  JZ    	0, 1, 0        
000024  022623  JNE   	1, 2, 51       
000025  025124  JCC   	2, 1, 52       
000026  026125  JMA   	0, 1, 53       
000027  030126  JSR   	0, 1, 54       
000030  032400  RFS   	20             
000031  034324  SOB   	3, 1, 55       
000032  036140  JGE   	1, 2, 56       
                     
000033  010357  AMR   	3, 2, 0, 15    
000034  012220  SMR   	2, 1, 0, 16    
000035  014120  AIR   	1, 5           
000036  016340  SIR   	2, 6           
000037  160140  MLT   	1, 2           
000040  162260  DVD   	2, 3           
000041  164160  TRR   	1, 3           
000042  166260  AND   	2, 3           
000043  170140  ORR   	1, 2           
000044  172200  NOT   	2              
                     
000045  061310  SRC   	2, 1, 1, 8     
000046  062504  RRC   	1, 0, 1, 4     
                    
000047  142120  IN    	0, 5           
000050  144140  OUT   	1, 6           
000051  146360  CHK   	2, 7           
                     
000052  066150  FADD  	1, 2, 0, 40    
000053  070231  FSUB  	2, 1, 0, 41    
000054  072152  VADD  	1, 2, 0, 42    
000055  074233  VSUB  	2, 1, 0, 43    
000056  076154  CNVRT 	1, 2, 0, 44    
000057  120155  LDFR  	1, 2, 0, 45    
000060  122236  STFR  	2, 1, 0, 46 
                LOC    	1024            
002000  000000  HLT                     ;STOP
