000006  000012
000007  000003
000010  002000
000011  000000
000012  000014
000013  000011
000014  000022
000015  000014
000016  002237
000017  004431
000020  007124
000021  102207
000022  104136
000023  020100
000024  022623
000025  025124
000026  026125
000027  030126
000030  032400
000031  034324
000032  036140
000033  010357
000034  012220
000035  014120
000036  016340
000037  160140
000040  162260
000041  164160
000042  166260
000043  170140
000044  172200
000045  061310
000046  062504
000047  142120
000050  144140
000051  146360
000052  066150
000053  070231
000054  072152
000055  074233
000056  076154
000057  120155
000060  122236
002000  000000
